Series {
        data=(22.2951449
23.25622883
24.57771923
25.58885962
26.73014678
27.56108393
27.701242
27.69123071
27.99156944
28.35197591
28.83251788
29.0227324
29.50327437
29.92374859
30.4643583
30.31418893
30.36424539
30.51441475
30.78471961
30.69461799
30.86480994
31.04501317
31.48550997
31.62566805
31.72578096
32.19631163
32.79698909
33.1073391
33.80812947
34.4388408
34.92939405
35.85043282
36.40105382
37.40218291
38.64358299
39.39442981
40.69589763
41.77711705
43.13865262
44.13978171
45.6915318
47.0230335
48.41460294
48.98524652
49.9963869
51.12766278
52.17884833
52.81957094
53.2
53.8
54.37
54.36
54.3
54.97
55.62
55.61
55.58
55.91
56.55
56.36
56.34
56.67
57.44
57.36
57.53
57.84
58.6
58.69
58.33
59.26
59.74
59.99
59.71
60.44
61.33
61.76
62.25
63.12
64.58
64.95
66.04
67.06
68.18
68.59
69.5
70.48
71.59
71.95
73.54
74.99
76.36
76.79
77.97
79.38
80.75
81.6
82.61
84.48
86.24
87.45
88.87
90.55
92.33
93.55
94.45
96.72
98.74
99.41
100.4
101.61
103.02
103.28
104.11
104.63
104.43
102.9
101.23
99.98
99.97
100.01
99.69
100.64
101.29
101.54
101.28
101.69
102.01
100.89
100.25
99.97
99.34
98.81
97.46
97.57
98.11
97.47
97.38
98.35
98.93
98.35
98.46
99.76
100.71
101.07
101.95
103.54
105.13
105.67
106.46
108.01
109.72
110.61
111.71
113.36
115.17
115.94
116.37
118.28
119.86
120.91
122.29
124.29
126.1)
appendbcst=no
appendfcst=no
period=4
start=1980.1
title="nom_hp"
name="nom_hp"

        }
        
transform{function=log}
outlier{types=(ao ls) }
pickmdl{
                    method = best
                    mode = both
                    file = '/tmp/tmpq6afpuom.mdl'} 
regression {
}
x11{ save=(d10 d11 d12 d13) } 
