Series {
        data=(46.53423509
47.74179328
48.83946706
50.03874337
51.67318653
53.05463735
54.39789814
55.83196383
57.21386043
58.54232458
59.670917
60.816452
62.05271794
63.12276943
64.17897481
65.28612288
66.45691334
67.33998671
68.02418586
68.89157302
70.04463729
70.98874534
71.34459159
71.93736716
72.50683829
72.79227452
72.9928219
73.24716657
73.920744
74.41884858
74.79898377
75.18429438
75.71036808
76.25757927
76.84121837
77.43469559
78.4282171
79.33232302
79.8866157
80.61479301
81.62501223
82.32614097
83.08590453
84.158198
85.01999217
85.85735402
86.95572149
87.65537397
88.58786589
89.48961578
89.92055319
90.52134173
91.62004721
92.45407738
93.05269308
93.51985235
94.41865712
95.0868356
95.61772336
96.01969761
96.85189295
97.65089303
98.05272933
98.44989312
99.27225577
100.0572383
100.1553611
100.5151448
101.206677
101.5430981
101.8748467
102.1925777
102.4542386
103.047648
103.1597883
103.1457708
103.3763267
104.0781245
104.3977058
104.7617212
105.4438532
106.1249942
106.7640538
107.4156848
107.7284701
109.2379941
109.3619791
109.7072194
110.4575913
111.5684046
111.6585807
112.2304855
113.0349351
113.7997727
114.0034109
114.5873257
114.9942073
116.4551007
116.6254893
117.2992257
117.3707543
118.8230211
119.3078756
120.0753074
120.1485288
121.7935966
121.9326488
122.2366629
122.4714003
124.107675
124.2900134
125.8222717
126.6762517
128.6582897
129.1373239
128.8000654
127.9430143
128.9156063
128.7068661
129.3581991
129.3503874
130.978256
130.9377852
131.945363
132.5410303
134.5583283
134.5167513
135.8157604
136.1196381
137.8774338
137.924509
138.9395228
138.660538
139.8077178
139.7635024
140.051039
139.5849416
140.5999616
140.2759686
140.2844574
139.1196585
141.2092281
140.7903138
140.6585493
139.2124049
141.0209491
141.1657547
141.6900453
141.6254199
143.1832703
143.2361857
143.673706
143.4193419
145.6651137
146.291891
146.4035064
145.4750192
147.7044253
147.657282
147.8675415
147.0752444
148.0490689
147.6080629)
appendbcst=no
appendfcst=no
period=4
start=1980.1
title=" HICP "
name=" HICP "

        }
        
transform{function=log}
outlier{types=(ao ls) }
pickmdl{
                    method = best
                    mode = both
                    file = '/tmp/tmpqttwrj5g.mdl'} 
regression {
}
x11{ save=(d10 d11 d12 d13) } 
